tests/data/MIKE/test_max_results_depth0.asc
ncols         54
nrows         38
xllcorner     594225.06250
yllcorner     6645046.00000
cellsize      1.00000
NODATA_value  -9999
-9999 -9999 -9999 -9999 -9999 -9999 -9999 -9999 -9999 -9999 -9999 -9999 -9999 -9999 -9999 -9999 -9999 -9999 -9999 -9999 -9999 -9999 -9999 -9999 -9999 -9999 -9999 -9999 -9999 -9999 -9999 -9999 -9999 -9999 -9999 -9999 -9999 -9999 -9999 -9999 -9999 -9999 -9999 -9999 -9999 -9999 -9999 -9999 -9999 -9999 -9999 -9999 -9999 -9999 
-9999 -9999 -9999 -9999 -9999 -9999 -9999 -9999 -9999 -9999 -9999 -9999 -9999 -9999 0.4053 -9999 -9999 -9999 -9999 -9999 -9999 -9999 -9999 0.4889 0.4039 -9999 -9999 -9999 0.0302 -9999 -9999 -9999 -9999 -9999 -9999 -9999 -9999 -9999 -9999 -9999 -9999 -9999 0.0201 0.0203 -9999 -9999 -9999 0.2296 0.3390 -9999 -9999 -9999 -9999 -9999 
-9999 -9999 -9999 0.1267 0.1705 0.2144 0.2446 -9999 -9999 0.3332 0.3520 0.3619 0.3738 0.3995 0.4252 0.4033 -9999 0.2280 0.2001 -9999 0.2982 0.4241 0.4612 0.3816 0.2931 0.1850 0.0864 0.0549 0.0243 0.0241 -9999 0.0235 0.0233 0.0233 0.0229 0.0219 0.0211 -9999 -9999 -9999 0.0201 0.0201 0.0201 0.0202 0.0205 0.0368 0.1191 0.2214 0.3339 0.4487 -9999 -9999 -9999 -9999 
-9999 0.1111 0.1355 0.1609 0.1871 0.2276 0.2575 0.2880 0.3138 0.3392 0.3593 0.3766 0.3984 0.4216 0.4387 0.4129 0.3872 0.3262 0.2491 0.1803 0.1630 0.2856 0.2800 0.2744 0.1823 0.1075 0.0561 0.0470 0.0245 0.0243 0.0240 0.0233 0.0229 0.0226 0.0224 0.0216 0.0209 0.0204 0.0201 0.0201 0.0201 0.0201 0.0201 0.0202 0.0257 0.0686 0.1115 0.2139 0.3287 0.4430 -9999 -9999 -9999 -9999 
-9999 -9999 0.1760 0.2018 0.2271 0.2506 0.2722 0.3028 0.3288 0.3526 0.3786 0.4016 0.4233 0.4465 0.4702 0.4553 0.3988 0.3219 0.2477 0.1884 0.1380 0.1149 0.1375 0.1600 0.1362 0.0728 0.0253 0.0254 0.0243 0.0238 0.0233 0.0227 0.0224 0.0220 0.0217 0.0212 0.0207 0.0204 0.0201 0.0201 0.0201 0.0201 0.0201 0.0202 0.0339 0.0856 0.1373 0.2069 0.3160 0.4251 -9999 -9999 -9999 -9999 
-9999 -9999 0.2244 0.2392 0.2638 0.2866 0.3045 0.3224 0.3459 0.3728 0.3990 0.4235 0.4480 0.4718 0.4955 0.4737 0.3933 0.3157 0.2241 0.1380 0.0929 0.0985 0.1181 0.1280 0.1000 0.0468 0.0278 0.0270 0.0251 0.0231 0.0226 0.0224 0.0222 0.0218 0.0214 0.0210 0.0207 0.0203 0.0201 0.0201 0.0201 0.0201 0.0201 0.0201 0.0202 0.0614 0.1190 0.1936 0.2999 0.4072 -9999 -9999 -9999 -9999 
-9999 0.2852 0.2765 0.2869 0.3048 0.3190 0.3272 0.3354 0.3323 0.3673 0.3945 0.4105 0.4096 0.3957 0.4194 0.3850 0.3285 0.2784 0.1869 0.0954 0.0828 0.0884 0.0987 0.0834 0.0554 0.0322 0.0294 0.0267 0.0246 0.0227 0.0223 0.0222 0.0220 0.0216 0.0213 0.0209 0.0205 0.0202 0.0201 0.0201 0.0201 0.0201 0.0202 0.0203 0.0204 0.0468 0.1058 0.1812 0.2875 0.3927 -9999 -9999 -9999 -9999 
-9999 0.3373 0.3286 0.3351 0.3216 0.3176 0.3366 0.3396 0.3317 0.3478 0.3675 0.3873 0.3654 0.3435 0.3432 0.2958 0.2594 0.2230 0.1315 0.1201 0.1235 0.1186 0.1051 0.0841 0.0680 0.0478 0.0277 0.0250 0.0229 0.0225 0.0220 0.0219 0.0217 0.0215 0.0211 0.0207 0.0203 0.0200 0.0201 0.0201 0.0201 0.0203 0.0205 0.0206 0.0327 0.0637 0.0947 0.1688 0.2696 0.3670 -9999 -9999 -9999 -9999 
-9999 0.3229 0.3319 0.3322 0.3138 0.3115 0.3250 0.3076 0.2997 0.2833 0.2869 0.2890 0.2765 0.2640 0.2552 0.2205 0.1869 0.1532 0.1530 0.1640 0.1727 0.1657 0.1371 0.1084 0.0891 0.0671 0.0452 0.0232 0.0228 0.0223 0.0218 0.0215 0.0213 0.0213 0.0212 0.0209 0.0206 0.0202 0.0201 0.0201 0.0203 0.0205 0.0207 0.0209 0.0627 0.1072 0.1517 0.1788 0.2475 0.3414 -9999 -9999 -9999 -9999 
-9999 -9999 0.2999 0.2980 0.2961 0.2842 0.2625 0.2409 0.2271 0.2064 0.1915 0.1907 0.1803 0.1817 0.1708 0.1329 0.0992 0.0990 0.1334 0.1735 0.2135 0.2010 0.1765 0.1519 0.0891 0.0622 0.0353 0.0232 0.0232 0.0226 0.0221 0.0257 0.0216 0.0216 0.0214 0.0212 0.0209 0.0205 0.0201 0.0202 0.0205 0.0207 0.0411 0.0827 0.1763 0.2208 0.2560 0.2506 0.3082 0.3699 -9999 -9999 -9999 -9999 
-9999 -9999 0.2444 0.2370 0.2296 0.2057 0.1863 0.1689 0.1503 0.1296 0.1089 0.0993 0.1008 0.1022 0.0864 0.0483 0.0312 0.0606 0.0920 0.1562 0.2660 0.2606 0.2361 0.1949 0.1112 0.0473 0.0227 0.0233 0.0237 0.0232 0.0325 0.0414 0.0316 0.0219 0.0217 0.0214 0.0212 0.0209 0.0206 0.0207 0.0208 0.0505 0.0928 0.1509 0.2540 0.3344 0.3425 0.3371 0.3269 0.3117 -9999 -9999 -9999 -9999 
-9999 -9999 0.1899 0.1684 0.1565 0.1296 0.1057 0.0906 0.0736 0.0605 0.0658 0.0615 0.0463 0.0304 0.0229 0.0221 0.0268 0.0480 0.0861 0.2152 0.3107 0.3083 0.2957 0.2212 0.1375 0.0537 0.0227 0.0233 0.0239 0.0323 0.0454 0.0571 0.0553 0.0693 0.0753 0.0726 0.0604 0.0424 0.0244 0.0211 0.0211 0.0466 0.1120 0.2316 0.3347 0.3978 0.3757 0.3550 0.3063 0.2535 -9999 -9999 -9999 -9999 
-9999 -9999 0.1369 0.1164 0.0996 0.0802 0.0598 0.0363 0.0347 0.0304 0.0357 0.0289 0.0222 0.0227 0.0223 0.0215 0.0290 0.0721 0.1153 0.2105 0.2611 0.2852 0.3167 0.2594 0.1783 0.0974 0.0321 0.0228 0.0239 0.0357 0.0509 0.0734 0.0966 0.1139 0.1276 0.1158 0.1040 0.0975 0.0923 0.0680 0.0393 0.0691 0.1962 0.3234 0.4280 0.4111 0.3862 0.3653 0.3072 0.2340 -9999 -9999 -9999 -9999 
-9999 -9999 0.0885 0.0736 0.0568 0.0369 0.0241 0.0266 0.0275 0.0226 0.0210 0.0213 0.0218 0.0224 0.0217 0.0212 0.0219 0.0779 0.1340 0.1877 0.2311 0.2746 0.2955 0.2852 0.2226 0.1480 0.0827 0.0223 0.0280 0.0412 0.0575 0.0903 0.1254 0.1427 0.1737 0.1843 0.1744 0.1680 0.1626 0.1383 0.1440 0.1937 0.3043 0.4149 0.4492 0.4243 0.3994 0.3562 0.2579 0.1596 -9999 -9999 -9999 -9999 
-9999 -9999 0.0551 0.0344 0.0216 0.0221 0.0223 0.0219 0.0215 0.0213 0.0210 0.0214 0.0217 0.0219 0.0215 0.0211 0.0206 0.0684 0.1059 0.1362 0.2205 0.2640 0.2743 0.2640 0.2536 0.1914 0.1173 0.0443 0.0341 0.0489 0.0682 0.1071 0.1461 0.1813 0.2143 0.2473 0.2458 0.2395 0.2331 0.2557 0.2850 0.3244 0.4227 0.4795 0.4282 0.3955 0.3706 0.2577 0.1765 0.0853 -9999 -9999 -9999 -9999 
-9999 -9999 0.0256 0.0213 0.0214 0.0215 0.0215 0.0215 0.0214 0.0213 0.0211 0.0219 0.0311 0.0283 0.0215 0.0211 0.0206 0.0297 0.0432 0.0770 0.1614 0.2457 0.2654 0.2703 0.2715 0.1896 0.1127 0.0656 0.0374 0.0522 0.0779 0.1137 0.1506 0.1806 0.2136 0.2504 0.2763 0.2700 0.2924 0.3425 0.3833 0.4203 0.4638 0.5071 0.4342 0.3666 0.2952 0.1668 0.0738 0.0273 -9999 -9999 -9999 -9999 
-9999 -9999 0.0212 0.0212 0.0213 0.0214 0.0214 0.0215 0.0214 0.0227 0.0273 0.0396 0.0487 0.0358 0.0216 0.0212 0.0206 0.0204 0.0208 0.0316 0.1208 0.2053 0.2694 0.2946 0.2760 0.1941 0.1258 0.0877 0.0504 0.0644 0.0901 0.1203 0.1516 0.1813 0.2131 0.2546 0.2961 0.3101 0.3627 0.4153 0.4607 0.4911 0.5215 0.5056 0.4127 0.3198 0.2287 0.1003 0.0492 -9999 -9999 -9999 -9999 -9999 
-9999 -9999 0.0209 0.0210 0.0212 0.0212 0.0213 0.0214 0.0292 0.0330 0.0381 0.0506 0.0586 0.0438 0.0269 0.0212 0.0207 0.0202 0.0262 0.0370 0.0861 0.1612 0.2253 0.2894 0.2883 0.2219 0.1556 0.1125 0.0958 0.1012 0.1216 0.1354 0.1626 0.1922 0.2204 0.2617 0.3032 0.3419 0.3946 0.4472 0.4544 0.4415 0.4435 0.3978 0.3138 0.2346 0.1718 0.0582 0.0284 0.0216 -9999 -9999 -9999 -9999 
-9999 -9999 0.0206 0.0208 0.0210 0.0213 0.0214 0.0235 0.0329 0.0424 0.0489 0.0562 0.0613 0.0534 0.0334 0.0212 0.0207 0.0202 0.0301 0.0431 0.0561 0.1468 0.2426 0.3384 0.3081 0.2460 0.1839 0.1551 0.1465 0.1425 0.1571 0.1665 0.1835 0.2131 0.2401 0.2719 0.3064 0.3368 0.3880 0.4156 0.4201 0.3718 0.3479 0.2855 0.2213 0.1571 0.0905 0.0317 0.0278 0.0240 -9999 -9999 -9999 -9999 
-9999 -9999 0.0255 0.0207 0.0210 0.0212 0.0214 0.0260 0.0341 0.0421 0.0455 0.0495 0.0546 0.0510 0.0388 0.0211 0.0207 0.0204 0.0257 0.0441 0.0713 0.2091 0.3076 0.3473 0.3208 0.2637 0.2104 0.1830 0.1793 0.1674 0.1833 0.1975 0.2069 0.2329 0.2573 0.2762 0.3068 0.3381 0.3601 0.3749 0.3849 0.3234 0.2620 0.2156 0.1561 0.0924 0.0306 0.0297 0.0270 0.0239 -9999 -9999 -9999 -9999 
-9999 -9999 0.0405 0.0338 0.0232 0.0230 0.0237 0.0218 0.0280 0.0361 0.0349 0.0335 0.0386 0.0304 0.0212 0.0209 0.0207 0.0204 0.0320 0.0569 0.0943 0.2321 0.3699 0.3536 0.3271 0.2822 0.2470 0.2118 0.1927 0.1760 0.1907 0.2071 0.2225 0.2177 0.2454 0.2731 0.2752 0.2714 0.2778 0.2916 0.2756 0.2309 0.1752 0.1339 0.0909 0.0292 0.0283 0.0274 0.0255 -9999 -9999 -9999 -9999 -9999 
-9999 -9999 0.0555 0.0443 0.0324 0.0255 0.0251 0.0233 0.0220 0.0258 0.0243 0.0228 0.0215 0.0212 0.0209 0.0207 0.0206 0.0203 0.0421 0.0691 0.1173 0.2536 0.3882 0.3823 0.3405 0.2590 0.1998 0.1601 0.1949 0.1846 0.1980 0.2124 0.2254 0.1946 0.1944 0.2178 0.1964 0.1913 0.1993 0.2017 0.1647 0.1277 0.0942 0.0635 0.0328 0.0269 0.0260 0.0250 0.0239 -9999 -9999 -9999 -9999 -9999 
-9999 -9999 0.0732 0.0588 0.0444 0.0299 0.0282 0.0283 0.0284 0.0220 0.0221 0.0222 0.0215 0.0210 0.0206 0.0204 0.0203 0.0251 0.0508 0.0765 0.1855 0.2986 0.4117 0.3714 0.2801 0.1996 0.1331 0.1172 0.1519 0.1867 0.2024 0.2153 0.2247 0.1887 0.1527 0.1533 0.1352 0.1242 0.1369 0.1327 0.1097 0.0763 0.0678 0.0412 0.0241 0.0246 0.0238 0.0228 0.0225 -9999 -9999 -9999 -9999 -9999 
-9999 -9999 0.0950 0.0859 0.0715 0.0570 0.0424 0.0420 0.0364 0.0252 0.0229 0.0225 0.0216 0.0210 0.0206 0.0204 0.0203 0.0326 0.0536 0.0980 0.2902 0.4243 0.4493 0.3443 0.2196 0.1402 0.1036 0.0894 0.1242 0.1593 0.1883 0.2109 0.2171 0.1743 0.1315 0.1045 0.0882 0.0748 0.0739 0.0606 0.0474 0.0374 0.0289 0.0209 0.0214 0.0218 0.0216 0.0216 0.0220 0.0228 -9999 -9999 -9999 -9999 
-9999 0.1192 0.1154 0.1116 0.0986 0.0840 0.0694 0.0551 0.0439 0.0328 0.0235 0.0226 0.0217 0.0211 0.0208 0.0205 0.0245 0.0418 0.0590 0.1973 0.3906 0.4428 0.4640 0.3506 0.2112 0.1140 0.0922 0.0616 0.0967 0.1320 0.1657 0.1755 0.1640 0.1310 0.0950 0.0666 0.0500 0.0379 0.0410 0.0393 0.0375 0.0308 0.0223 0.0208 0.0208 0.0208 0.0208 0.0211 0.0215 -9999 -9999 -9999 -9999 -9999 
-9999 0.1396 0.1358 0.1321 0.1271 0.1183 0.1096 0.0946 0.0721 0.0610 0.0301 0.0222 0.0214 0.0209 0.0207 0.0204 0.0313 0.0479 0.0645 0.2917 0.4698 0.4707 0.4786 0.3461 0.1776 0.0742 0.0544 0.0461 0.0668 0.1022 0.1314 0.1222 0.1066 0.0895 0.0610 0.0326 0.0272 0.0357 0.0394 0.0352 0.0298 0.0234 0.0206 0.0207 0.0208 0.0208 0.0207 0.0209 0.0212 0.0211 -9999 -9999 -9999 -9999 
-9999 -9999 0.1382 0.1370 0.1578 0.1639 0.1552 0.1351 0.1075 0.0765 0.0428 0.0218 0.0213 0.0208 0.0206 0.0206 0.0347 0.0531 0.1279 0.3542 0.4668 0.4677 0.4381 0.3044 0.1440 0.0344 0.0317 0.0343 0.0354 0.0699 0.0834 0.0841 0.0685 0.0644 0.0508 0.0223 0.0274 0.0335 0.0377 0.0396 0.0422 0.0343 0.0273 0.0259 0.0267 0.0229 0.0207 0.0207 0.0207 0.0206 -9999 -9999 -9999 -9999 
-9999 -9999 -9999 0.1618 0.1846 0.1917 0.1988 0.1669 0.1294 0.0933 0.0558 0.0235 0.0212 0.0208 0.0207 0.0208 0.0377 0.0571 0.1465 0.2903 0.4297 0.4002 0.3314 0.2103 0.0654 0.0220 0.0219 0.0225 0.0236 0.0273 0.0354 0.0435 0.0361 0.0358 0.0355 0.0232 0.0291 0.0329 0.0376 0.0419 0.0460 0.0434 0.0348 0.0354 0.0384 0.0366 0.0318 0.0350 0.0363 0.0362 0.0361 -9999 -9999 -9999 
-9999 -9999 0.1182 0.1418 0.1647 0.1723 0.1915 0.1865 0.1485 0.0979 0.0529 0.0297 0.0224 0.0208 0.0208 0.0247 0.0421 0.0661 0.1284 0.2625 0.3703 0.2987 0.2246 0.1162 0.0627 0.0222 0.0223 0.0232 0.0243 0.0234 0.0227 0.0220 0.0216 0.0213 0.0210 0.0212 0.0237 0.0273 0.0327 0.0386 0.0419 0.0392 0.0380 0.0451 0.0501 0.0502 0.0545 0.0627 0.0680 0.0678 -9999 -9999 -9999 -9999 
-9999 -9999 0.0974 0.1211 0.1448 0.1655 0.1860 0.2065 0.1664 0.1095 0.0526 0.0346 0.0256 0.0233 0.0263 0.0291 0.0480 0.0813 0.1158 0.2256 0.2975 0.2343 0.1486 0.1031 0.0639 0.0248 0.0232 0.0240 0.0237 0.0229 0.0221 0.0216 0.0211 0.0208 0.0208 0.0210 0.0213 0.0217 0.0278 0.0338 0.0382 0.0376 0.0369 0.0432 0.0495 0.0686 0.0805 0.0903 0.0985 -9999 -9999 -9999 -9999 -9999 
-9999 0.0558 0.0769 0.1006 0.1268 0.1532 0.1764 0.1997 0.1885 0.1505 0.1125 0.0548 0.0237 0.0251 0.0293 0.0334 0.0738 0.1193 0.1648 0.1528 0.2246 0.1699 0.1204 0.0785 0.0393 0.0226 0.0234 0.0238 0.0232 0.0223 0.0217 0.0212 0.0206 0.0206 0.0206 0.0208 0.0211 0.0213 0.0248 0.0308 0.0318 0.0322 0.0326 0.0344 0.0390 0.0701 0.0971 0.1083 0.1149 -9999 -9999 -9999 -9999 -9999 
-9999 0.0398 0.0564 0.0802 0.1092 0.1383 0.1615 0.1931 0.2136 0.2103 0.1757 0.1161 0.0656 0.0678 0.0822 0.0771 0.1218 0.2078 0.2412 0.2095 0.1777 0.1384 0.0965 0.0547 0.0221 0.0229 0.0237 0.0232 0.0226 0.0219 0.0213 0.0208 0.0206 0.0206 0.0205 0.0205 0.0207 0.0209 0.0217 0.0247 0.0251 0.0255 0.0255 0.0254 0.0331 0.0716 0.1102 0.1142 0.1133 -9999 -9999 -9999 -9999 -9999 
-9999 0.0358 0.0444 0.0622 0.0916 0.1211 0.1553 0.1925 0.2191 0.2154 0.2087 0.1967 0.1462 0.1322 0.1324 0.1186 0.1292 0.2210 0.2592 0.2150 0.1528 0.0937 0.0555 0.0220 0.0218 0.0222 0.0228 0.0224 0.0220 0.0216 0.0210 0.0207 0.0206 0.0206 0.0206 0.0205 0.0205 0.0207 0.0208 0.0210 0.0214 0.0217 0.0217 0.0215 0.0216 0.0493 0.0802 0.1015 0.1117 -9999 -9999 -9999 -9999 -9999 
-9999 0.0543 0.0631 0.0721 0.1007 0.1201 0.1208 0.1660 0.2047 0.2133 0.2067 0.2013 0.1958 0.1878 0.1739 0.1600 0.1462 0.1963 0.2023 0.1929 0.1167 0.0462 0.0222 0.0217 0.0215 0.0215 0.0218 0.0216 0.0215 0.0213 0.0208 0.0207 0.0207 0.0206 0.0205 0.0205 0.0204 0.0206 0.0206 0.0206 0.0209 0.0210 0.0211 0.0210 0.0212 0.0214 0.0480 0.0698 0.0937 -9999 -9999 -9999 -9999 -9999 
-9999 0.0728 0.0818 0.0909 0.1098 0.1056 0.0986 0.1264 0.1584 0.1868 0.2080 0.2133 0.2186 0.1884 0.1740 0.1672 0.1512 0.1196 0.1157 0.1030 0.0397 0.0222 0.0219 0.0215 0.0212 0.0213 0.0215 0.0213 0.0211 0.0209 0.0208 0.0208 0.0207 0.0206 0.0205 0.0204 0.0203 0.0203 0.0203 0.0204 0.0204 0.0204 0.0204 0.0205 0.0207 0.0210 0.0211 0.0447 0.0645 0.0554 0.0462 -9999 -9999 -9999 
-9999 -9999 0.0990 0.1084 -9999 0.0964 0.0865 0.0829 0.1067 0.1305 -9999 0.2435 0.2409 0.1981 0.1647 0.1450 0.1086 0.0763 0.0467 0.0225 0.0221 0.0216 0.0213 0.0211 0.0211 0.0213 -9999 -9999 0.0210 -9999 0.0209 0.0209 -9999 -9999 0.0206 -9999 -9999 -9999 0.0203 0.0203 0.0203 0.0203 -9999 -9999 0.0203 0.0205 0.0206 0.0207 0.0325 0.0234 -9999 -9999 -9999 -9999 
-9999 -9999 0.1158 -9999 -9999 0.1001 -9999 -9999 -9999 0.0710 -9999 -9999 -9999 -9999 -9999 -9999 0.0660 0.0329 -9999 -9999 -9999 0.0210 0.0207 -9999 -9999 0.0215 -9999 -9999 0.0209 -9999 -9999 0.0209 -9999 -9999 -9999 -9999 -9999 -9999 -9999 -9999 -9999 -9999 -9999 -9999 -9999 -9999 -9999 -9999 -9999 -9999 -9999 -9999 -9999 -9999 
-9999 -9999 0.1326 -9999 -9999 -9999 -9999 -9999 -9999 -9999 -9999 -9999 -9999 -9999 -9999 -9999 -9999 -9999 -9999 -9999 -9999 -9999 -9999 -9999 -9999 -9999 -9999 -9999 -9999 -9999 -9999 -9999 -9999 -9999 -9999 -9999 -9999 -9999 -9999 -9999 -9999 -9999 -9999 -9999 -9999 -9999 -9999 -9999 -9999 -9999 -9999 -9999 -9999 -9999 
