tests/data/MIKE/test_max_results_speed0.asc
ncols         54
nrows         38
xllcorner     594225.06250
yllcorner     6645046.00000
cellsize      1.00000
NODATA_value  -9999
-9999 -9999 -9999 -9999 -9999 -9999 -9999 -9999 -9999 -9999 -9999 -9999 -9999 -9999 -9999 -9999 -9999 -9999 -9999 -9999 -9999 -9999 -9999 -9999 -9999 -9999 -9999 -9999 -9999 -9999 -9999 -9999 -9999 -9999 -9999 -9999 -9999 -9999 -9999 -9999 -9999 -9999 -9999 -9999 -9999 -9999 -9999 -9999 -9999 -9999 -9999 -9999 -9999 -9999 
-9999 -9999 -9999 -9999 -9999 -9999 -9999 -9999 -9999 -9999 -9999 -9999 -9999 -9999 0.5701 -9999 -9999 -9999 -9999 -9999 -9999 -9999 -9999 1.1944 0.5758 -9999 -9999 -9999 0.2647 -9999 -9999 -9999 -9999 -9999 -9999 -9999 -9999 -9999 -9999 -9999 -9999 -9999 0.0007 0.0140 -9999 -9999 -9999 0.1447 0.1707 -9999 -9999 -9999 -9999 -9999 
-9999 -9999 -9999 0.5440 0.5691 0.5942 0.5702 -9999 -9999 0.5756 0.5758 0.5583 0.5480 0.5874 0.6268 0.8414 -9999 1.6097 2.2079 -9999 2.6055 2.4049 1.9368 1.2182 0.6662 0.4808 0.3137 0.2749 0.2400 0.3232 -9999 0.3403 0.2542 0.1589 0.1000 0.0473 0.0031 -9999 -9999 -9999 0.0004 0.0013 0.0019 0.0069 0.0234 0.0646 0.1348 0.1990 0.2080 0.2043 -9999 -9999 -9999 -9999 
-9999 0.5587 0.5900 0.6094 0.6207 0.6404 0.6150 0.6081 0.5975 0.6004 0.6031 0.6018 0.6113 0.6472 0.7072 0.9360 1.1648 1.6771 2.3184 2.7384 2.6465 2.4360 1.8390 1.2420 0.7567 0.5025 0.2686 0.2458 0.2394 0.3227 0.3492 0.2813 0.2027 0.1412 0.0891 0.0366 0.0093 0.0043 0.0001 0.0010 0.0018 0.0026 0.0031 0.0037 0.0246 0.1067 0.1888 0.2490 0.2453 0.2470 -9999 -9999 -9999 -9999 
-9999 -9999 0.6651 0.6800 0.6995 0.7190 0.7074 0.7024 0.6920 0.6772 0.6615 0.6678 0.6762 0.7109 0.7611 0.9508 1.1984 1.7193 2.4416 2.6707 2.6038 2.3256 1.6951 1.0646 0.7736 0.4613 0.2339 0.2607 0.2090 0.2635 0.2684 0.2061 0.1651 0.1258 0.0781 0.0259 0.0156 0.0118 0.0083 0.0078 0.0052 0.0030 0.0036 0.0041 0.0298 0.1257 0.2215 0.3026 0.3512 0.3997 -9999 -9999 -9999 -9999 
-9999 -9999 0.7602 0.7865 0.8132 0.8286 0.8144 0.8002 0.7785 0.7524 0.7348 0.7387 0.7427 0.7871 0.8373 0.9802 1.2424 1.7058 1.9360 2.0001 1.9384 1.9267 1.4045 0.9027 0.7872 0.5315 0.4116 0.3998 0.2987 0.1935 0.1864 0.1499 0.1133 0.0740 0.0351 0.0207 0.0205 0.0185 0.0164 0.0104 0.0044 0.0031 0.0031 0.0036 0.0039 0.0803 0.3741 0.5904 0.5569 0.5524 -9999 -9999 -9999 -9999 
-9999 0.8988 0.8673 0.8846 0.9209 0.9290 0.8898 0.8507 0.8001 0.7870 0.7634 0.7460 0.7189 0.6916 0.7418 0.9562 1.2292 1.3459 1.3327 1.3195 1.3075 1.2958 1.1139 0.8696 0.7540 0.6424 0.5475 0.4516 0.3349 0.2202 0.1462 0.1039 0.0617 0.0399 0.0196 0.0141 0.0176 0.0159 0.0131 0.0096 0.0037 0.0033 0.0056 0.0075 0.0079 0.3548 0.6943 0.9039 0.8703 0.8193 -9999 -9999 -9999 -9999 
-9999 1.0059 0.9744 0.9818 0.9506 0.9265 0.9311 0.8867 0.8316 0.7996 0.7661 0.7327 0.6890 0.6454 0.6463 0.8712 1.0312 1.1912 1.1780 1.2306 1.2090 1.0866 0.9479 0.8074 0.6842 0.5994 0.5295 0.4341 0.3184 0.2218 0.1252 0.0829 0.0498 0.0253 0.0040 0.0075 0.0110 0.0129 0.0097 0.0064 0.0042 0.0085 0.0128 0.0160 0.1773 0.5928 1.0084 1.2173 1.0961 0.9223 -9999 -9999 -9999 -9999 
-9999 1.0019 1.0000 0.9732 0.9268 0.9052 0.9034 0.8411 0.7859 0.7273 0.6653 0.6091 0.5817 0.5544 0.5167 0.6290 0.8086 0.9883 1.0865 1.1576 1.2004 1.0741 0.9065 0.7390 0.6186 0.5513 0.4840 0.4167 0.3201 0.2235 0.1268 0.0635 0.0390 0.0197 0.0052 0.0079 0.0132 0.0111 0.0061 0.0029 0.0027 0.0093 0.0167 0.0241 0.4023 0.8052 1.2081 1.4695 1.2099 1.0253 -9999 -9999 -9999 -9999 
-9999 -9999 0.9615 0.9284 0.8952 0.8459 0.7804 0.7149 0.6570 0.5966 0.5359 0.4854 0.4591 0.4382 0.3915 0.2982 0.4779 0.6876 0.8753 1.0095 1.1437 1.0242 0.8461 0.6680 0.5143 0.4325 0.3507 0.3060 0.2534 0.1677 0.0820 0.0746 0.0480 0.0302 0.0188 0.0114 0.0166 0.0102 0.0032 0.0019 0.0018 0.0068 0.0232 0.1124 0.5489 0.9518 1.3509 1.7335 1.5703 1.2821 -9999 -9999 -9999 -9999 
-9999 -9999 0.8437 0.7917 0.7398 0.6811 0.6237 0.5648 0.5075 0.4547 0.4019 0.3651 0.3443 0.3234 0.2663 0.1624 0.1648 0.4010 0.6168 0.7854 1.0093 0.9118 0.7337 0.5632 0.4118 0.2848 0.2087 0.1952 0.1758 0.0901 0.0945 0.1186 0.0796 0.0407 0.0324 0.0241 0.0177 0.0155 0.0133 0.0107 0.0126 0.0260 0.0436 0.2279 0.6710 1.0985 1.4866 1.8691 1.7591 1.1564 -9999 -9999 -9999 -9999 
-9999 -9999 0.7001 0.6278 0.5733 0.5135 0.4525 0.3882 0.3277 0.2837 0.2611 0.2575 0.2360 0.2106 0.1650 0.1037 0.1034 0.2858 0.4456 0.6868 0.8338 0.7492 0.6214 0.4658 0.3144 0.1631 0.0979 0.0845 0.0711 0.0902 0.1288 0.1625 0.1392 0.1472 0.1460 0.1348 0.1118 0.0716 0.0314 0.0337 0.0458 0.0590 0.0856 0.3007 0.7438 1.0596 1.2523 1.5292 1.3712 1.0308 -9999 -9999 -9999 -9999 
-9999 -9999 0.5587 0.4874 0.4186 0.3562 0.2958 0.2264 0.2047 0.1581 0.1355 0.1368 0.1432 0.1525 0.1175 0.0662 0.0532 0.2062 0.3593 0.5657 0.5799 0.5375 0.6054 0.5218 0.4036 0.2856 0.1778 0.1502 0.1347 0.0925 0.1380 0.2246 0.2475 0.2545 0.2579 0.2361 0.2142 0.1918 0.1692 0.1388 0.1067 0.1284 0.2399 0.3515 0.7738 0.8353 0.8715 1.1363 0.8334 0.6140 -9999 -9999 -9999 -9999 
-9999 -9999 0.4219 0.3564 0.2876 0.2132 0.1598 0.1529 0.1367 0.0885 0.0674 0.0694 0.0946 0.1095 0.0644 0.0349 0.0216 0.1552 0.2888 0.4146 0.5066 0.5986 0.6454 0.6296 0.5383 0.4245 0.3167 0.2160 0.1829 0.1684 0.2303 0.3047 0.3596 0.3666 0.3717 0.3632 0.3443 0.3311 0.3103 0.2800 0.2796 0.3196 0.4160 0.5124 0.5749 0.6110 0.6472 0.6542 0.5741 0.4940 -9999 -9999 -9999 -9999 
-9999 -9999 0.2983 0.2283 0.1772 0.1578 0.1348 0.1039 0.0783 0.0683 0.0584 0.0609 0.0635 0.0649 0.0484 0.0319 0.0155 0.1272 0.2419 0.3600 0.5677 0.6597 0.6853 0.6696 0.6538 0.5784 0.4892 0.3973 0.3115 0.3093 0.3197 0.3848 0.4498 0.4773 0.4822 0.4870 0.4761 0.4629 0.4497 0.4645 0.4858 0.5165 0.5927 0.6008 0.5590 0.5808 0.6169 0.5001 0.4441 0.3740 -9999 -9999 -9999 -9999 
-9999 -9999 0.1778 0.1626 0.1587 0.1398 0.1216 0.1048 0.0853 0.0620 0.0498 0.0562 0.1187 0.1479 0.1158 0.0689 0.0220 0.0694 0.1597 0.2837 0.4914 0.6991 0.7379 0.7377 0.7395 0.7854 0.7440 0.5940 0.4481 0.4459 0.4642 0.5182 0.5610 0.5308 0.5357 0.5382 0.5338 0.5206 0.5168 0.5325 0.5833 0.6251 0.6424 0.6443 0.5925 0.5505 0.5057 0.3619 0.2839 0.2582 -9999 -9999 -9999 -9999 
-9999 -9999 0.1401 0.1401 0.1392 0.1217 0.1208 0.1162 0.0956 0.0757 0.0720 0.1676 0.2301 0.2306 0.2156 0.1687 0.0763 0.0372 0.1152 0.2164 0.4273 0.6263 0.7738 0.8244 0.8367 0.8826 0.9165 0.7671 0.6132 0.5992 0.6175 0.6516 0.6349 0.6009 0.5891 0.5888 0.5886 0.5814 0.5876 0.5938 0.6274 0.6540 0.6806 0.6686 0.5922 0.5158 0.4150 0.2712 0.1960 -9999 -9999 -9999 -9999 -9999 
-9999 -9999 0.1139 0.1151 0.1162 0.1172 0.1180 0.1189 0.1238 0.1096 0.1129 0.2107 0.3428 0.3342 0.3087 0.2230 0.1099 0.0135 0.1057 0.2105 0.3670 0.5422 0.6897 0.8372 0.9270 0.9592 0.9913 0.8746 0.7707 0.7379 0.7594 0.7517 0.7185 0.6845 0.6518 0.6511 0.6508 0.6196 0.6259 0.6321 0.5877 0.5771 0.5788 0.5519 0.4969 0.4239 0.3551 0.2282 0.1719 0.1349 -9999 -9999 -9999 -9999 
-9999 -9999 0.0877 0.0947 0.1073 0.1185 0.1229 0.1252 0.1328 0.1404 0.1537 0.2911 0.4452 0.4927 0.3478 0.2081 0.1051 0.0214 0.0919 0.2024 0.3129 0.4448 0.5781 0.7114 0.9012 0.9757 1.0503 1.0256 0.9412 0.8741 0.8694 0.8418 0.8117 0.7777 0.7462 0.7250 0.6882 0.6294 0.6315 0.5867 0.5210 0.4811 0.4614 0.4246 0.3896 0.3333 0.2639 0.1988 0.1643 0.1299 -9999 -9999 -9999 -9999 
-9999 -9999 0.0897 0.0887 0.1012 0.1123 0.1233 0.1307 0.1352 0.1396 0.1603 0.2954 0.4495 0.4557 0.3431 0.1864 0.1041 0.0438 0.0556 0.1762 0.3046 0.3193 0.4452 0.6169 0.8338 0.9287 1.0210 1.1020 1.0380 0.9471 0.9424 0.9318 0.9041 0.8719 0.8364 0.7916 0.7276 0.6623 0.5939 0.5231 0.4540 0.4089 0.3640 0.3300 0.2988 0.2448 0.1801 0.1731 0.1471 0.1152 -9999 -9999 -9999 -9999 
-9999 -9999 0.1253 0.1189 0.1049 0.1164 0.1302 0.1200 0.1217 0.1262 0.1626 0.2016 0.3557 0.2863 0.1917 0.1474 0.1044 0.0441 0.0506 0.1723 0.2903 0.3050 0.3198 0.5241 0.7410 0.8830 1.0123 1.1416 1.0641 0.9570 0.9486 0.9457 0.9350 0.8946 0.8708 0.8470 0.7457 0.6266 0.5116 0.4340 0.3722 0.3197 0.2776 0.2426 0.2079 0.1579 0.1509 0.1440 0.1268 -9999 -9999 -9999 -9999 -9999 
-9999 -9999 0.1609 0.1456 0.1290 0.1245 0.1278 0.1176 0.1082 0.1275 0.1650 0.2025 0.2240 0.1760 0.1280 0.0911 0.0785 0.0224 0.0860 0.1782 0.2760 0.3341 0.4393 0.6039 0.7614 0.8224 0.9155 1.0105 1.0550 0.9669 0.9547 0.9354 0.9039 0.8502 0.8122 0.7818 0.6827 0.5681 0.4538 0.3468 0.2910 0.2352 0.1953 0.1676 0.1400 0.1235 0.1206 0.1149 0.1066 -9999 -9999 -9999 -9999 -9999 
-9999 -9999 0.1983 0.1778 0.1573 0.1369 0.1294 0.1237 0.1180 0.1270 0.1638 0.2006 0.1737 0.1175 0.0644 0.0348 0.0222 0.0271 0.1073 0.1876 0.3331 0.4476 0.5620 0.6404 0.7068 0.7673 0.8201 0.8688 0.9133 0.9578 0.9358 0.9044 0.8711 0.8147 0.7583 0.7025 0.5984 0.4859 0.3619 0.2821 0.2262 0.1746 0.1528 0.1263 0.1020 0.0821 0.0770 0.0741 0.0806 -9999 -9999 -9999 -9999 -9999 
-9999 -9999 0.2471 0.2292 0.2087 0.1855 0.1567 0.1504 0.1431 0.1343 0.1614 0.1594 0.1215 0.0708 0.0229 0.0163 0.0160 0.0279 0.0725 0.1681 0.3848 0.5264 0.5583 0.6010 0.6523 0.7122 0.7024 0.6967 0.7412 0.7847 0.8158 0.8352 0.8292 0.7470 0.6648 0.5788 0.4916 0.3811 0.2733 0.2173 0.1614 0.1289 0.1071 0.0854 0.0655 0.0456 0.0334 0.0438 0.0612 0.0919 -9999 -9999 -9999 -9999 
-9999 0.3106 0.2952 0.2799 0.2600 0.2330 0.2043 0.1768 0.1680 0.1592 0.1450 0.1072 0.0694 0.0420 0.0321 0.0221 0.0238 0.0407 0.0575 0.2017 0.4037 0.5047 0.5329 0.5766 0.6126 0.5741 0.5470 0.5246 0.5684 0.6114 0.6514 0.6552 0.6332 0.5698 0.4855 0.3989 0.3117 0.2442 0.2621 0.2321 0.1878 0.1017 0.0799 0.0796 0.0637 0.0362 0.0178 0.0304 0.0429 -9999 -9999 -9999 -9999 -9999 
-9999 0.3588 0.3434 0.3280 0.3081 0.2745 0.2409 0.2128 0.1982 0.1894 0.1486 0.1091 0.0717 0.0388 0.0312 0.0237 0.0391 0.0567 0.0743 0.2000 0.3695 0.4470 0.5076 0.5213 0.4732 0.4339 0.4057 0.3718 0.4218 0.4648 0.4943 0.4655 0.4321 0.3920 0.3054 0.2188 0.2055 0.2360 0.2552 0.2555 0.2020 0.1067 0.0676 0.0722 0.0700 0.0488 0.0323 0.0350 0.0408 0.0291 -9999 -9999 -9999 -9999 
-9999 -9999 0.3646 0.3526 0.3630 0.3066 0.2730 0.2493 0.2320 0.1989 0.1535 0.1111 0.0763 0.0421 0.0276 0.0306 0.0504 0.0738 0.1213 0.2504 0.3823 0.4598 0.4872 0.3988 0.3339 0.2937 0.2569 0.2420 0.3015 0.3449 0.3403 0.3185 0.2851 0.2562 0.2006 0.1140 0.1703 0.2279 0.2483 0.2706 0.2828 0.2082 0.1665 0.1479 0.1056 0.0711 0.0484 0.0395 0.0327 0.0209 -9999 -9999 -9999 -9999 
-9999 -9999 -9999 0.4038 0.4240 0.3661 0.3082 0.3044 0.3084 0.2801 0.2123 0.1237 0.0682 0.0340 0.0363 0.0376 0.0608 0.0870 0.1813 0.3284 0.4733 0.5007 0.4636 0.3852 0.2880 0.1823 0.1157 0.1122 0.1717 0.2028 0.1863 0.1698 0.1404 0.1129 0.0854 0.0568 0.1168 0.1720 0.2466 0.2839 0.3144 0.3247 0.2786 0.2378 0.1704 0.1265 0.0967 0.0641 0.0484 0.0367 0.0250 -9999 -9999 -9999 
-9999 -9999 0.3164 0.3709 0.3932 0.3378 0.3721 0.3977 0.3998 0.3504 0.2736 0.1756 0.0613 0.0233 0.0472 0.2362 0.2842 0.3067 0.3539 0.4808 0.5633 0.4909 0.4399 0.3716 0.2479 0.1287 0.0876 0.1388 0.1949 0.1444 0.1082 0.0754 0.0584 0.0309 0.0034 0.0059 0.0469 0.1016 0.1883 0.2821 0.3100 0.3203 0.3439 0.2978 0.2352 0.1819 0.1489 0.1146 0.0880 0.0763 -9999 -9999 -9999 -9999 
-9999 -9999 0.2513 0.3058 0.3604 0.4049 0.4487 0.4926 0.4860 0.4103 0.3346 0.2215 0.0997 0.1497 0.3094 0.4596 0.5064 0.5214 0.5379 0.6237 0.6455 0.5786 0.4970 0.3250 0.2018 0.0786 0.1180 0.1684 0.1493 0.0988 0.0561 0.0468 0.0376 0.0101 0.0027 0.0039 0.0176 0.0312 0.1301 0.2290 0.3104 0.3395 0.3686 0.3304 0.2528 0.2207 0.1955 0.1651 0.1308 -9999 -9999 -9999 -9999 -9999 
-9999 0.1483 0.2276 0.2926 0.3574 0.4235 0.4912 0.5588 0.5538 0.4924 0.4309 0.2622 0.1154 0.2590 0.4703 0.6816 0.7541 0.8068 0.8594 0.7059 0.7276 0.6663 0.4798 0.2709 0.1450 0.0937 0.1196 0.1436 0.1081 0.0565 0.0345 0.0236 0.0127 0.0071 0.0033 0.0020 0.0156 0.0178 0.0731 0.1720 0.2169 0.2681 0.3180 0.2742 0.1744 0.1986 0.2208 0.1934 0.1602 -9999 -9999 -9999 -9999 -9999 
-9999 0.1227 0.2255 0.2905 0.3551 0.4199 0.4875 0.5586 0.5972 0.5861 0.5284 0.3494 0.2669 0.4371 0.6655 0.8020 0.9979 1.2473 1.2608 1.0628 0.8648 0.6586 0.4498 0.2410 0.1123 0.1167 0.1212 0.0949 0.0677 0.0367 0.0276 0.0172 0.0120 0.0092 0.0046 0.0000 0.0022 0.0043 0.0161 0.0820 0.1209 0.1646 0.1734 0.1656 0.1175 0.1764 0.2354 0.2052 0.1623 -9999 -9999 -9999 -9999 -9999 
-9999 0.1348 0.2149 0.2883 0.3528 0.4174 0.4875 0.5610 0.6123 0.5987 0.5813 0.6417 0.5592 0.6516 0.8132 0.9079 1.0451 1.3226 1.2337 0.8884 0.6281 0.4596 0.2802 0.1194 0.0978 0.0886 0.0803 0.0538 0.0343 0.0282 0.0200 0.0145 0.0138 0.0115 0.0058 0.0021 0.0015 0.0012 0.0012 0.0222 0.0612 0.0864 0.0821 0.0743 0.0850 0.1348 0.1822 0.1846 0.1643 -9999 -9999 -9999 -9999 -9999 
-9999 0.2179 0.2928 0.3489 0.4132 0.4443 0.4091 0.5015 0.5731 0.5728 0.5668 0.6516 0.7364 0.8243 0.9191 1.0138 1.1085 1.1499 0.8412 0.5605 0.4010 0.2386 0.1152 0.0852 0.0633 0.0504 0.0394 0.0224 0.0205 0.0171 0.0096 0.0101 0.0096 0.0090 0.0059 0.0042 0.0032 0.0029 0.0037 0.0046 0.0330 0.0394 0.0440 0.0370 0.0629 0.0887 0.1219 0.1248 0.1306 -9999 -9999 -9999 -9999 -9999 
-9999 0.3011 0.3572 0.4133 0.4736 0.4256 0.3686 0.4112 0.4611 0.4995 0.5566 0.6547 0.7529 0.7530 0.8446 0.9704 1.0570 0.8497 0.5667 0.3093 0.1556 0.1071 0.0810 0.0510 0.0288 0.0159 0.0136 0.0123 0.0087 0.0050 0.0047 0.0052 0.0056 0.0051 0.0047 0.0048 0.0048 0.0054 0.0063 0.0072 0.0057 0.0042 0.0027 0.0138 0.0373 0.0609 0.0679 0.0736 0.0766 0.0604 0.0441 -9999 -9999 -9999 
-9999 -9999 0.4207 0.4770 -9999 0.4314 0.3608 0.3072 0.3272 0.3472 -9999 0.6804 0.7569 0.7221 0.7294 0.8004 0.8009 0.6246 0.3274 0.0842 0.0747 0.0652 0.0410 0.0148 0.0016 0.0051 -9999 -9999 0.0049 -9999 0.0030 0.0035 -9999 -9999 0.0016 -9999 -9999 -9999 0.0090 0.0094 0.0065 0.0047 -9999 -9999 0.0016 0.0226 0.0226 0.0226 0.0208 0.0046 -9999 -9999 -9999 -9999 
-9999 -9999 0.4841 -9999 -9999 0.4955 -9999 -9999 -9999 0.1822 -9999 -9999 -9999 -9999 -9999 -9999 0.5447 0.3995 -9999 -9999 -9999 0.0233 0.0005 -9999 -9999 0.0002 -9999 -9999 0.0012 -9999 -9999 0.0018 -9999 -9999 -9999 -9999 -9999 -9999 -9999 -9999 -9999 -9999 -9999 -9999 -9999 -9999 -9999 -9999 -9999 -9999 -9999 -9999 -9999 -9999 
-9999 -9999 0.5474 -9999 -9999 -9999 -9999 -9999 -9999 -9999 -9999 -9999 -9999 -9999 -9999 -9999 -9999 -9999 -9999 -9999 -9999 -9999 -9999 -9999 -9999 -9999 -9999 -9999 -9999 -9999 -9999 -9999 -9999 -9999 -9999 -9999 -9999 -9999 -9999 -9999 -9999 -9999 -9999 -9999 -9999 -9999 -9999 -9999 -9999 -9999 -9999 -9999 -9999 -9999 
